{
 "cells": [
  {
   "cell_type": "markdown",
   "metadata": {},
   "source": [
    "# Data Preparation Exercise Reference\n",
    "------\n",
    "## 基本作業\n",
    "\n",
    "請讀取104年花東空品區三個測站的資料，進行分析，並回答以下問題"
   ]
  },
  {
   "cell_type": "code",
   "execution_count": 1,
   "metadata": {},
   "outputs": [],
   "source": [
    "%matplotlib inline\n",
    "# Import libraries\n",
    "import matplotlib.pyplot as plt\n",
    "import numpy as np\n",
    "import pandas as pd\n",
    "import re"
   ]
  },
  {
   "cell_type": "markdown",
   "metadata": {},
   "source": [
    "首先，我們從檔案讀取資料，檢查一下資料的維度"
   ]
  },
  {
   "cell_type": "code",
   "execution_count": 2,
   "metadata": {},
   "outputs": [
    {
     "data": {
      "text/plain": [
       "(6205, 27)"
      ]
     },
     "execution_count": 2,
     "metadata": {},
     "output_type": "execute_result"
    }
   ],
   "source": [
    "hualian = pd.read_excel('../data/104年花蓮站_20160320.xls')\n",
    "hualian.shape"
   ]
  },
  {
   "cell_type": "code",
   "execution_count": 3,
   "metadata": {},
   "outputs": [
    {
     "data": {
      "text/plain": [
       "(6205, 27)"
      ]
     },
     "execution_count": 3,
     "metadata": {},
     "output_type": "execute_result"
    }
   ],
   "source": [
    "taidong = pd.read_excel('../data/104年臺東站_20160320.xls')\n",
    "taidong.shape"
   ]
  },
  {
   "cell_type": "code",
   "execution_count": 4,
   "metadata": {},
   "outputs": [
    {
     "data": {
      "text/plain": [
       "(5095, 27)"
      ]
     },
     "execution_count": 4,
     "metadata": {},
     "output_type": "execute_result"
    }
   ],
   "source": [
    "guanshan = pd.read_excel('../data/104年關山站_20160323.xls')\n",
    "guanshan.shape"
   ]
  },
  {
   "cell_type": "markdown",
   "metadata": {},
   "source": [
    "關山站的資料筆數明顯比另外兩個站少，讓我們檢查一下個測項的資料天數。"
   ]
  },
  {
   "cell_type": "code",
   "execution_count": 5,
   "metadata": {},
   "outputs": [
    {
     "data": {
      "text/html": [
       "<div>\n",
       "<style scoped>\n",
       "    .dataframe tbody tr th:only-of-type {\n",
       "        vertical-align: middle;\n",
       "    }\n",
       "\n",
       "    .dataframe tbody tr th {\n",
       "        vertical-align: top;\n",
       "    }\n",
       "\n",
       "    .dataframe thead th {\n",
       "        text-align: right;\n",
       "    }\n",
       "</style>\n",
       "<table border=\"1\" class=\"dataframe\">\n",
       "  <thead>\n",
       "    <tr style=\"text-align: right;\">\n",
       "      <th>col_0</th>\n",
       "      <th>count</th>\n",
       "    </tr>\n",
       "    <tr>\n",
       "      <th>測項</th>\n",
       "      <th></th>\n",
       "    </tr>\n",
       "  </thead>\n",
       "  <tbody>\n",
       "    <tr>\n",
       "      <th>AMB_TEMP</th>\n",
       "      <td>365</td>\n",
       "    </tr>\n",
       "    <tr>\n",
       "      <th>NO</th>\n",
       "      <td>360</td>\n",
       "    </tr>\n",
       "    <tr>\n",
       "      <th>NO2</th>\n",
       "      <td>360</td>\n",
       "    </tr>\n",
       "    <tr>\n",
       "      <th>NOx</th>\n",
       "      <td>360</td>\n",
       "    </tr>\n",
       "    <tr>\n",
       "      <th>O3</th>\n",
       "      <td>365</td>\n",
       "    </tr>\n",
       "    <tr>\n",
       "      <th>PM10</th>\n",
       "      <td>365</td>\n",
       "    </tr>\n",
       "    <tr>\n",
       "      <th>PM2.5</th>\n",
       "      <td>365</td>\n",
       "    </tr>\n",
       "    <tr>\n",
       "      <th>RAINFALL</th>\n",
       "      <td>365</td>\n",
       "    </tr>\n",
       "    <tr>\n",
       "      <th>RH</th>\n",
       "      <td>365</td>\n",
       "    </tr>\n",
       "    <tr>\n",
       "      <th>SO2</th>\n",
       "      <td>365</td>\n",
       "    </tr>\n",
       "    <tr>\n",
       "      <th>WD_HR</th>\n",
       "      <td>365</td>\n",
       "    </tr>\n",
       "    <tr>\n",
       "      <th>WIND_DIREC</th>\n",
       "      <td>365</td>\n",
       "    </tr>\n",
       "    <tr>\n",
       "      <th>WIND_SPEED</th>\n",
       "      <td>365</td>\n",
       "    </tr>\n",
       "    <tr>\n",
       "      <th>WS_HR</th>\n",
       "      <td>365</td>\n",
       "    </tr>\n",
       "  </tbody>\n",
       "</table>\n",
       "</div>"
      ],
      "text/plain": [
       "col_0       count\n",
       "測項               \n",
       "AMB_TEMP      365\n",
       "NO            360\n",
       "NO2           360\n",
       "NOx           360\n",
       "O3            365\n",
       "PM10          365\n",
       "PM2.5         365\n",
       "RAINFALL      365\n",
       "RH            365\n",
       "SO2           365\n",
       "WD_HR         365\n",
       "WIND_DIREC    365\n",
       "WIND_SPEED    365\n",
       "WS_HR         365"
      ]
     },
     "execution_count": 5,
     "metadata": {},
     "output_type": "execute_result"
    }
   ],
   "source": [
    "pd.crosstab(guanshan['測項'],'count')"
   ]
  },
  {
   "cell_type": "code",
   "execution_count": 6,
   "metadata": {},
   "outputs": [
    {
     "data": {
      "text/plain": [
       "True"
      ]
     },
     "execution_count": 6,
     "metadata": {},
     "output_type": "execute_result"
    }
   ],
   "source": [
    "6205 == (365 * 3) + (5 * 3) + 5095"
   ]
  },
  {
   "cell_type": "markdown",
   "metadata": {},
   "source": [
    "關山站少了三個測項，另外有三個測項少了5天的資料，如果補上這些資料，的確就跟花蓮、台東站一樣了。\n",
    "\n",
    "## 資料清理\n",
    "\n",
    "接下來，我們要把遺失值換成 np.nan，然後把雨量的 NR 換成 0。"
   ]
  },
  {
   "cell_type": "code",
   "execution_count": 7,
   "metadata": {},
   "outputs": [],
   "source": [
    "def detect_epa_nan(x):\n",
    "    ''' Search for missing value symbol and assign np.nan '''\n",
    "    if re.findall('\\#|\\*|x', str(x))!=[]:\n",
    "        return(np.nan)\n",
    "    else:\n",
    "        return(x)\n",
    "\n",
    "def detect_epa_norain(x):\n",
    "    ''' Replace 'NR' (no-rain) with 0 '''\n",
    "    if str(x)=='NR':\n",
    "        return(0)\n",
    "    else:\n",
    "        return(x)\n",
    "\n",
    "def clean_epa_station(x):\n",
    "    ''' Clean up a EPA station dataset '''\n",
    "    # Rename columns\n",
    "    col_names = ['date','station','item','h00','h01','h02','h03','h04','h05','h06','h07','h08','h09',\n",
    "                'h10','h11','h12','h13','h14','h15','h16','h17','h18','h19','h20','h21','h22','h23']\n",
    "    x.columns = col_names\n",
    "    # Process NA and NR\n",
    "    floatdata = x.iloc[:,3:]\n",
    "    floatdata = floatdata.applymap(detect_epa_nan)\n",
    "    floatdata = floatdata.applymap(detect_epa_norain)\n",
    "    floatdata.astype(np.float32)\n",
    "    x.iloc[:,3:] = floatdata\n",
    "    # Done\n",
    "    return(x)\n",
    "\n",
    "hualian = clean_epa_station(hualian)\n",
    "taidong = clean_epa_station(taidong)\n",
    "guanshan = clean_epa_station(guanshan)"
   ]
  },
  {
   "cell_type": "code",
   "execution_count": 8,
   "metadata": {},
   "outputs": [
    {
     "data": {
      "text/html": [
       "<div>\n",
       "<style scoped>\n",
       "    .dataframe tbody tr th:only-of-type {\n",
       "        vertical-align: middle;\n",
       "    }\n",
       "\n",
       "    .dataframe tbody tr th {\n",
       "        vertical-align: top;\n",
       "    }\n",
       "\n",
       "    .dataframe thead th {\n",
       "        text-align: right;\n",
       "    }\n",
       "</style>\n",
       "<table border=\"1\" class=\"dataframe\">\n",
       "  <thead>\n",
       "    <tr style=\"text-align: right;\">\n",
       "      <th></th>\n",
       "      <th>date</th>\n",
       "      <th>station</th>\n",
       "      <th>item</th>\n",
       "      <th>h00</th>\n",
       "      <th>h01</th>\n",
       "      <th>h02</th>\n",
       "      <th>h03</th>\n",
       "      <th>h04</th>\n",
       "      <th>h05</th>\n",
       "      <th>h06</th>\n",
       "      <th>...</th>\n",
       "      <th>h14</th>\n",
       "      <th>h15</th>\n",
       "      <th>h16</th>\n",
       "      <th>h17</th>\n",
       "      <th>h18</th>\n",
       "      <th>h19</th>\n",
       "      <th>h20</th>\n",
       "      <th>h21</th>\n",
       "      <th>h22</th>\n",
       "      <th>h23</th>\n",
       "    </tr>\n",
       "  </thead>\n",
       "  <tbody>\n",
       "    <tr>\n",
       "      <th>0</th>\n",
       "      <td>2015/01/01</td>\n",
       "      <td>關山</td>\n",
       "      <td>AMB_TEMP</td>\n",
       "      <td>13</td>\n",
       "      <td>13</td>\n",
       "      <td>12</td>\n",
       "      <td>13</td>\n",
       "      <td>14</td>\n",
       "      <td>13</td>\n",
       "      <td>13</td>\n",
       "      <td>...</td>\n",
       "      <td>16</td>\n",
       "      <td>15</td>\n",
       "      <td>14</td>\n",
       "      <td>13</td>\n",
       "      <td>13</td>\n",
       "      <td>12</td>\n",
       "      <td>12</td>\n",
       "      <td>12</td>\n",
       "      <td>12</td>\n",
       "      <td>12</td>\n",
       "    </tr>\n",
       "    <tr>\n",
       "      <th>1</th>\n",
       "      <td>2015/01/01</td>\n",
       "      <td>關山</td>\n",
       "      <td>NO</td>\n",
       "      <td>2.5</td>\n",
       "      <td>1.8</td>\n",
       "      <td>1.5</td>\n",
       "      <td>1.9</td>\n",
       "      <td>1.8</td>\n",
       "      <td>1.9</td>\n",
       "      <td>1.9</td>\n",
       "      <td>...</td>\n",
       "      <td>2</td>\n",
       "      <td>2</td>\n",
       "      <td>2.4</td>\n",
       "      <td>2.5</td>\n",
       "      <td>2.1</td>\n",
       "      <td>2</td>\n",
       "      <td>2.5</td>\n",
       "      <td>1.9</td>\n",
       "      <td>2</td>\n",
       "      <td>2.1</td>\n",
       "    </tr>\n",
       "    <tr>\n",
       "      <th>2</th>\n",
       "      <td>2015/01/01</td>\n",
       "      <td>關山</td>\n",
       "      <td>NO2</td>\n",
       "      <td>2.4</td>\n",
       "      <td>2.5</td>\n",
       "      <td>3</td>\n",
       "      <td>1.4</td>\n",
       "      <td>2.3</td>\n",
       "      <td>2.6</td>\n",
       "      <td>3.6</td>\n",
       "      <td>...</td>\n",
       "      <td>7.1</td>\n",
       "      <td>7</td>\n",
       "      <td>7.8</td>\n",
       "      <td>7.9</td>\n",
       "      <td>8.8</td>\n",
       "      <td>7.2</td>\n",
       "      <td>5.9</td>\n",
       "      <td>5.8</td>\n",
       "      <td>4.6</td>\n",
       "      <td>4</td>\n",
       "    </tr>\n",
       "    <tr>\n",
       "      <th>3</th>\n",
       "      <td>2015/01/01</td>\n",
       "      <td>關山</td>\n",
       "      <td>NOx</td>\n",
       "      <td>4.9</td>\n",
       "      <td>4.3</td>\n",
       "      <td>4.5</td>\n",
       "      <td>3.3</td>\n",
       "      <td>4.1</td>\n",
       "      <td>4.5</td>\n",
       "      <td>5.6</td>\n",
       "      <td>...</td>\n",
       "      <td>9.2</td>\n",
       "      <td>9</td>\n",
       "      <td>10</td>\n",
       "      <td>10</td>\n",
       "      <td>11</td>\n",
       "      <td>9.2</td>\n",
       "      <td>8.4</td>\n",
       "      <td>7.7</td>\n",
       "      <td>6.6</td>\n",
       "      <td>6.1</td>\n",
       "    </tr>\n",
       "    <tr>\n",
       "      <th>4</th>\n",
       "      <td>2015/01/01</td>\n",
       "      <td>關山</td>\n",
       "      <td>O3</td>\n",
       "      <td>33</td>\n",
       "      <td>33</td>\n",
       "      <td>33</td>\n",
       "      <td>35</td>\n",
       "      <td>38</td>\n",
       "      <td>33</td>\n",
       "      <td>30</td>\n",
       "      <td>...</td>\n",
       "      <td>43</td>\n",
       "      <td>44</td>\n",
       "      <td>43</td>\n",
       "      <td>44</td>\n",
       "      <td>41</td>\n",
       "      <td>41</td>\n",
       "      <td>40</td>\n",
       "      <td>38</td>\n",
       "      <td>38</td>\n",
       "      <td>37</td>\n",
       "    </tr>\n",
       "  </tbody>\n",
       "</table>\n",
       "<p>5 rows × 27 columns</p>\n",
       "</div>"
      ],
      "text/plain": [
       "         date station      item  h00  h01  h02  h03  h04  h05  h06  ...  h14  \\\n",
       "0  2015/01/01      關山  AMB_TEMP   13   13   12   13   14   13   13  ...   16   \n",
       "1  2015/01/01      關山        NO  2.5  1.8  1.5  1.9  1.8  1.9  1.9  ...    2   \n",
       "2  2015/01/01      關山       NO2  2.4  2.5    3  1.4  2.3  2.6  3.6  ...  7.1   \n",
       "3  2015/01/01      關山       NOx  4.9  4.3  4.5  3.3  4.1  4.5  5.6  ...  9.2   \n",
       "4  2015/01/01      關山        O3   33   33   33   35   38   33   30  ...   43   \n",
       "\n",
       "  h15  h16  h17  h18  h19  h20  h21  h22  h23  \n",
       "0  15   14   13   13   12   12   12   12   12  \n",
       "1   2  2.4  2.5  2.1    2  2.5  1.9    2  2.1  \n",
       "2   7  7.8  7.9  8.8  7.2  5.9  5.8  4.6    4  \n",
       "3   9   10   10   11  9.2  8.4  7.7  6.6  6.1  \n",
       "4  44   43   44   41   41   40   38   38   37  \n",
       "\n",
       "[5 rows x 27 columns]"
      ]
     },
     "execution_count": 8,
     "metadata": {},
     "output_type": "execute_result"
    }
   ],
   "source": [
    "guanshan.head()"
   ]
  },
  {
   "cell_type": "markdown",
   "metadata": {},
   "source": [
    "## 資料格式轉換\n",
    "\n",
    "如果我們想看各個測項單獨的狀態，以及彼此之間的關係，最佳的資料呈現方式，是將每個測項轉換成單獨的時間序列："
   ]
  },
  {
   "cell_type": "code",
   "execution_count": 9,
   "metadata": {},
   "outputs": [],
   "source": [
    "# Retrieve one item from EPA data and form a time series\n",
    "def retrieve_epa_item(data, var):\n",
    "    tmp = data.loc[data['item']==var,:]\n",
    "    ts = pd.melt(tmp, id_vars=['date'], value_vars=tmp.keys()[3:], var_name='hour', value_name=var)\n",
    "    ts[var] = ts[var].astype(np.float32)\n",
    "    return(ts)\n",
    "\n",
    "# Convert EPA dataset to a collection of time-series of items\n",
    "def convert_epa_itemts(data):\n",
    "    # All items\n",
    "    items = list(set(data['item']))\n",
    "    # Create the 1st dataframe\n",
    "    newdata = retrieve_epa_item(data, items[0])\n",
    "    # Loop through the rest of items\n",
    "    for i in items[1:]:\n",
    "        tmp = retrieve_epa_item(data, i)\n",
    "        newdata = newdata.merge(tmp, on=['date','hour'], how='left')\n",
    "    # Sort with date-hour to make the time-series in order\n",
    "    newdata = newdata.sort_values(['date', 'hour'])\n",
    "    # Done\n",
    "    return(newdata)\n",
    "\n",
    "# Do the conversion\n",
    "hl = convert_epa_itemts(hualian)\n",
    "td = convert_epa_itemts(taidong)\n",
    "gs = convert_epa_itemts(guanshan)"
   ]
  },
  {
   "cell_type": "markdown",
   "metadata": {},
   "source": [
    "如此一來，我們可以很快的計算某個單獨測項有多少個遺失值。"
   ]
  },
  {
   "cell_type": "code",
   "execution_count": 10,
   "metadata": {},
   "outputs": [
    {
     "data": {
      "text/plain": [
       "131"
      ]
     },
     "execution_count": 10,
     "metadata": {},
     "output_type": "execute_result"
    }
   ],
   "source": [
    "len(td) - td['O3'].count()"
   ]
  },
  {
   "cell_type": "markdown",
   "metadata": {},
   "source": [
    "我們也可以用 [`DataFrame.apply`](https://pandas.pydata.org/pandas-docs/stable/generated/pandas.DataFrame.apply.html) 一次計算每個測項的遺失值數量。"
   ]
  },
  {
   "cell_type": "code",
   "execution_count": 11,
   "metadata": {},
   "outputs": [
    {
     "data": {
      "text/plain": [
       "date            0\n",
       "hour            0\n",
       "PH_RAIN       499\n",
       "CO            111\n",
       "PM10          351\n",
       "NO            145\n",
       "RAIN_COND     499\n",
       "NO2           145\n",
       "RH             44\n",
       "WD_HR          49\n",
       "WS_HR          49\n",
       "AMB_TEMP       44\n",
       "O3            131\n",
       "WIND_SPEED     40\n",
       "SO2           185\n",
       "NOx           145\n",
       "WIND_DIREC     40\n",
       "RAINFALL       67\n",
       "PM2.5         314\n",
       "dtype: int64"
      ]
     },
     "execution_count": 11,
     "metadata": {},
     "output_type": "execute_result"
    }
   ],
   "source": [
    "td.apply(lambda x: len(x)-x.count())"
   ]
  },
  {
   "cell_type": "code",
   "execution_count": 12,
   "metadata": {},
   "outputs": [
    {
     "name": "stdout",
     "output_type": "stream",
     "text": [
      "Index(['date', 'hour', 'PH_RAIN', 'CO', 'PM10', 'NO', 'RAIN_COND', 'NO2', 'RH',\n",
      "       'WD_HR', 'WS_HR', 'AMB_TEMP', 'O3', 'WIND_SPEED', 'SO2', 'NOx',\n",
      "       'WIND_DIREC', 'RAINFALL', 'PM2.5'],\n",
      "      dtype='object')\n",
      "Index(['date', 'hour', 'PH_RAIN', 'CO', 'PM10', 'NO', 'RAIN_COND', 'NO2', 'RH',\n",
      "       'WD_HR', 'WS_HR', 'AMB_TEMP', 'O3', 'WIND_SPEED', 'SO2', 'NOx',\n",
      "       'WIND_DIREC', 'RAINFALL', 'PM2.5'],\n",
      "      dtype='object')\n",
      "Index(['date', 'hour', 'PM10', 'NO', 'NO2', 'RH', 'WD_HR', 'WS_HR', 'AMB_TEMP',\n",
      "       'O3', 'WIND_SPEED', 'SO2', 'NOx', 'WIND_DIREC', 'RAINFALL', 'PM2.5'],\n",
      "      dtype='object')\n"
     ]
    }
   ],
   "source": [
    "# 三個測站的測項不完全相同\n",
    "print(hl.keys())\n",
    "print(td.keys())\n",
    "print(gs.keys())"
   ]
  },
  {
   "cell_type": "markdown",
   "metadata": {},
   "source": [
    "轉換成新格式後，我們可以利用 pandas.DataFrame.corr() 快速的計算同個測站不同測項的相關矩陣"
   ]
  },
  {
   "cell_type": "code",
   "execution_count": 13,
   "metadata": {},
   "outputs": [
    {
     "data": {
      "text/html": [
       "<div>\n",
       "<style scoped>\n",
       "    .dataframe tbody tr th:only-of-type {\n",
       "        vertical-align: middle;\n",
       "    }\n",
       "\n",
       "    .dataframe tbody tr th {\n",
       "        vertical-align: top;\n",
       "    }\n",
       "\n",
       "    .dataframe thead th {\n",
       "        text-align: right;\n",
       "    }\n",
       "</style>\n",
       "<table border=\"1\" class=\"dataframe\">\n",
       "  <thead>\n",
       "    <tr style=\"text-align: right;\">\n",
       "      <th></th>\n",
       "      <th>PH_RAIN</th>\n",
       "      <th>CO</th>\n",
       "      <th>PM10</th>\n",
       "      <th>NO</th>\n",
       "      <th>RAIN_COND</th>\n",
       "      <th>NO2</th>\n",
       "      <th>RH</th>\n",
       "      <th>WD_HR</th>\n",
       "      <th>WS_HR</th>\n",
       "      <th>AMB_TEMP</th>\n",
       "      <th>O3</th>\n",
       "      <th>WIND_SPEED</th>\n",
       "      <th>SO2</th>\n",
       "      <th>NOx</th>\n",
       "      <th>WIND_DIREC</th>\n",
       "      <th>RAINFALL</th>\n",
       "      <th>PM2.5</th>\n",
       "    </tr>\n",
       "  </thead>\n",
       "  <tbody>\n",
       "    <tr>\n",
       "      <th>PH_RAIN</th>\n",
       "      <td>1.000000</td>\n",
       "      <td>-0.042135</td>\n",
       "      <td>-0.135692</td>\n",
       "      <td>0.045226</td>\n",
       "      <td>0.273316</td>\n",
       "      <td>0.055999</td>\n",
       "      <td>0.333036</td>\n",
       "      <td>0.037688</td>\n",
       "      <td>-0.069249</td>\n",
       "      <td>-0.022882</td>\n",
       "      <td>-0.071950</td>\n",
       "      <td>-0.042609</td>\n",
       "      <td>-0.053129</td>\n",
       "      <td>0.061328</td>\n",
       "      <td>0.033734</td>\n",
       "      <td>0.523279</td>\n",
       "      <td>-0.117001</td>\n",
       "    </tr>\n",
       "    <tr>\n",
       "      <th>CO</th>\n",
       "      <td>-0.042135</td>\n",
       "      <td>1.000000</td>\n",
       "      <td>0.255145</td>\n",
       "      <td>0.399028</td>\n",
       "      <td>-0.022108</td>\n",
       "      <td>0.798970</td>\n",
       "      <td>-0.118078</td>\n",
       "      <td>-0.126034</td>\n",
       "      <td>-0.092150</td>\n",
       "      <td>-0.216774</td>\n",
       "      <td>0.245317</td>\n",
       "      <td>-0.011801</td>\n",
       "      <td>0.279279</td>\n",
       "      <td>0.789160</td>\n",
       "      <td>-0.124853</td>\n",
       "      <td>-0.058018</td>\n",
       "      <td>0.387693</td>\n",
       "    </tr>\n",
       "    <tr>\n",
       "      <th>PM10</th>\n",
       "      <td>-0.135692</td>\n",
       "      <td>0.255145</td>\n",
       "      <td>1.000000</td>\n",
       "      <td>0.024184</td>\n",
       "      <td>-0.006339</td>\n",
       "      <td>0.214265</td>\n",
       "      <td>-0.377530</td>\n",
       "      <td>-0.097221</td>\n",
       "      <td>0.173624</td>\n",
       "      <td>-0.018219</td>\n",
       "      <td>0.271322</td>\n",
       "      <td>0.241299</td>\n",
       "      <td>0.243439</td>\n",
       "      <td>0.184134</td>\n",
       "      <td>-0.097937</td>\n",
       "      <td>-0.083898</td>\n",
       "      <td>0.694217</td>\n",
       "    </tr>\n",
       "    <tr>\n",
       "      <th>NO</th>\n",
       "      <td>0.045226</td>\n",
       "      <td>0.399028</td>\n",
       "      <td>0.024184</td>\n",
       "      <td>1.000000</td>\n",
       "      <td>-0.008346</td>\n",
       "      <td>0.391307</td>\n",
       "      <td>-0.208761</td>\n",
       "      <td>-0.275049</td>\n",
       "      <td>0.103350</td>\n",
       "      <td>0.292727</td>\n",
       "      <td>-0.240725</td>\n",
       "      <td>0.099102</td>\n",
       "      <td>0.155515</td>\n",
       "      <td>0.651789</td>\n",
       "      <td>-0.296260</td>\n",
       "      <td>0.008334</td>\n",
       "      <td>-0.096615</td>\n",
       "    </tr>\n",
       "    <tr>\n",
       "      <th>RAIN_COND</th>\n",
       "      <td>0.273316</td>\n",
       "      <td>-0.022108</td>\n",
       "      <td>-0.006339</td>\n",
       "      <td>-0.008346</td>\n",
       "      <td>1.000000</td>\n",
       "      <td>-0.017785</td>\n",
       "      <td>0.067298</td>\n",
       "      <td>0.021278</td>\n",
       "      <td>0.083433</td>\n",
       "      <td>0.001025</td>\n",
       "      <td>-0.010941</td>\n",
       "      <td>0.036625</td>\n",
       "      <td>-0.024562</td>\n",
       "      <td>-0.017404</td>\n",
       "      <td>-0.007793</td>\n",
       "      <td>0.066045</td>\n",
       "      <td>-0.016527</td>\n",
       "    </tr>\n",
       "    <tr>\n",
       "      <th>NO2</th>\n",
       "      <td>0.055999</td>\n",
       "      <td>0.798970</td>\n",
       "      <td>0.214265</td>\n",
       "      <td>0.391307</td>\n",
       "      <td>-0.017785</td>\n",
       "      <td>1.000000</td>\n",
       "      <td>-0.059287</td>\n",
       "      <td>-0.058266</td>\n",
       "      <td>-0.210261</td>\n",
       "      <td>-0.098878</td>\n",
       "      <td>0.024707</td>\n",
       "      <td>-0.175576</td>\n",
       "      <td>0.218944</td>\n",
       "      <td>0.951786</td>\n",
       "      <td>-0.054946</td>\n",
       "      <td>-0.008224</td>\n",
       "      <td>0.279657</td>\n",
       "    </tr>\n",
       "    <tr>\n",
       "      <th>RH</th>\n",
       "      <td>0.333036</td>\n",
       "      <td>-0.118078</td>\n",
       "      <td>-0.377530</td>\n",
       "      <td>-0.208761</td>\n",
       "      <td>0.067298</td>\n",
       "      <td>-0.059287</td>\n",
       "      <td>1.000000</td>\n",
       "      <td>0.286957</td>\n",
       "      <td>-0.331417</td>\n",
       "      <td>-0.144073</td>\n",
       "      <td>-0.324560</td>\n",
       "      <td>-0.400335</td>\n",
       "      <td>-0.239348</td>\n",
       "      <td>-0.117143</td>\n",
       "      <td>0.303602</td>\n",
       "      <td>0.209090</td>\n",
       "      <td>-0.278670</td>\n",
       "    </tr>\n",
       "    <tr>\n",
       "      <th>WD_HR</th>\n",
       "      <td>0.037688</td>\n",
       "      <td>-0.126034</td>\n",
       "      <td>-0.097221</td>\n",
       "      <td>-0.275049</td>\n",
       "      <td>0.021278</td>\n",
       "      <td>-0.058266</td>\n",
       "      <td>0.286957</td>\n",
       "      <td>1.000000</td>\n",
       "      <td>-0.273042</td>\n",
       "      <td>-0.380335</td>\n",
       "      <td>-0.330594</td>\n",
       "      <td>-0.408732</td>\n",
       "      <td>-0.148383</td>\n",
       "      <td>-0.139066</td>\n",
       "      <td>0.829801</td>\n",
       "      <td>0.006320</td>\n",
       "      <td>0.025361</td>\n",
       "    </tr>\n",
       "    <tr>\n",
       "      <th>WS_HR</th>\n",
       "      <td>-0.069249</td>\n",
       "      <td>-0.092150</td>\n",
       "      <td>0.173624</td>\n",
       "      <td>0.103350</td>\n",
       "      <td>0.083433</td>\n",
       "      <td>-0.210261</td>\n",
       "      <td>-0.331417</td>\n",
       "      <td>-0.273042</td>\n",
       "      <td>1.000000</td>\n",
       "      <td>0.146847</td>\n",
       "      <td>0.208060</td>\n",
       "      <td>0.754290</td>\n",
       "      <td>0.079964</td>\n",
       "      <td>-0.139493</td>\n",
       "      <td>-0.281664</td>\n",
       "      <td>-0.062019</td>\n",
       "      <td>0.043594</td>\n",
       "    </tr>\n",
       "    <tr>\n",
       "      <th>AMB_TEMP</th>\n",
       "      <td>-0.022882</td>\n",
       "      <td>-0.216774</td>\n",
       "      <td>-0.018219</td>\n",
       "      <td>0.292727</td>\n",
       "      <td>0.001025</td>\n",
       "      <td>-0.098878</td>\n",
       "      <td>-0.144073</td>\n",
       "      <td>-0.380335</td>\n",
       "      <td>0.146847</td>\n",
       "      <td>1.000000</td>\n",
       "      <td>-0.297005</td>\n",
       "      <td>0.016945</td>\n",
       "      <td>-0.004275</td>\n",
       "      <td>0.015054</td>\n",
       "      <td>-0.378088</td>\n",
       "      <td>-0.011573</td>\n",
       "      <td>-0.254055</td>\n",
       "    </tr>\n",
       "    <tr>\n",
       "      <th>O3</th>\n",
       "      <td>-0.071950</td>\n",
       "      <td>0.245317</td>\n",
       "      <td>0.271322</td>\n",
       "      <td>-0.240725</td>\n",
       "      <td>-0.010941</td>\n",
       "      <td>0.024707</td>\n",
       "      <td>-0.324560</td>\n",
       "      <td>-0.330594</td>\n",
       "      <td>0.208060</td>\n",
       "      <td>-0.297005</td>\n",
       "      <td>1.000000</td>\n",
       "      <td>0.416559</td>\n",
       "      <td>0.182743</td>\n",
       "      <td>-0.059179</td>\n",
       "      <td>-0.309352</td>\n",
       "      <td>-0.030936</td>\n",
       "      <td>0.376633</td>\n",
       "    </tr>\n",
       "    <tr>\n",
       "      <th>WIND_SPEED</th>\n",
       "      <td>-0.042609</td>\n",
       "      <td>-0.011801</td>\n",
       "      <td>0.241299</td>\n",
       "      <td>0.099102</td>\n",
       "      <td>0.036625</td>\n",
       "      <td>-0.175576</td>\n",
       "      <td>-0.400335</td>\n",
       "      <td>-0.408732</td>\n",
       "      <td>0.754290</td>\n",
       "      <td>0.016945</td>\n",
       "      <td>0.416559</td>\n",
       "      <td>1.000000</td>\n",
       "      <td>0.117092</td>\n",
       "      <td>-0.112114</td>\n",
       "      <td>-0.419511</td>\n",
       "      <td>-0.046259</td>\n",
       "      <td>0.089053</td>\n",
       "    </tr>\n",
       "    <tr>\n",
       "      <th>SO2</th>\n",
       "      <td>-0.053129</td>\n",
       "      <td>0.279279</td>\n",
       "      <td>0.243439</td>\n",
       "      <td>0.155515</td>\n",
       "      <td>-0.024562</td>\n",
       "      <td>0.218944</td>\n",
       "      <td>-0.239348</td>\n",
       "      <td>-0.148383</td>\n",
       "      <td>0.079964</td>\n",
       "      <td>-0.004275</td>\n",
       "      <td>0.182743</td>\n",
       "      <td>0.117092</td>\n",
       "      <td>1.000000</td>\n",
       "      <td>0.231366</td>\n",
       "      <td>-0.161802</td>\n",
       "      <td>-0.036137</td>\n",
       "      <td>0.254192</td>\n",
       "    </tr>\n",
       "    <tr>\n",
       "      <th>NOx</th>\n",
       "      <td>0.061328</td>\n",
       "      <td>0.789160</td>\n",
       "      <td>0.184134</td>\n",
       "      <td>0.651789</td>\n",
       "      <td>-0.017404</td>\n",
       "      <td>0.951786</td>\n",
       "      <td>-0.117143</td>\n",
       "      <td>-0.139066</td>\n",
       "      <td>-0.139493</td>\n",
       "      <td>0.015054</td>\n",
       "      <td>-0.059179</td>\n",
       "      <td>-0.112114</td>\n",
       "      <td>0.231366</td>\n",
       "      <td>1.000000</td>\n",
       "      <td>-0.143214</td>\n",
       "      <td>-0.004196</td>\n",
       "      <td>0.197437</td>\n",
       "    </tr>\n",
       "    <tr>\n",
       "      <th>WIND_DIREC</th>\n",
       "      <td>0.033734</td>\n",
       "      <td>-0.124853</td>\n",
       "      <td>-0.097937</td>\n",
       "      <td>-0.296260</td>\n",
       "      <td>-0.007793</td>\n",
       "      <td>-0.054946</td>\n",
       "      <td>0.303602</td>\n",
       "      <td>0.829801</td>\n",
       "      <td>-0.281664</td>\n",
       "      <td>-0.378088</td>\n",
       "      <td>-0.309352</td>\n",
       "      <td>-0.419511</td>\n",
       "      <td>-0.161802</td>\n",
       "      <td>-0.143214</td>\n",
       "      <td>1.000000</td>\n",
       "      <td>0.007954</td>\n",
       "      <td>0.028919</td>\n",
       "    </tr>\n",
       "    <tr>\n",
       "      <th>RAINFALL</th>\n",
       "      <td>0.523279</td>\n",
       "      <td>-0.058018</td>\n",
       "      <td>-0.083898</td>\n",
       "      <td>0.008334</td>\n",
       "      <td>0.066045</td>\n",
       "      <td>-0.008224</td>\n",
       "      <td>0.209090</td>\n",
       "      <td>0.006320</td>\n",
       "      <td>-0.062019</td>\n",
       "      <td>-0.011573</td>\n",
       "      <td>-0.030936</td>\n",
       "      <td>-0.046259</td>\n",
       "      <td>-0.036137</td>\n",
       "      <td>-0.004196</td>\n",
       "      <td>0.007954</td>\n",
       "      <td>1.000000</td>\n",
       "      <td>-0.076599</td>\n",
       "    </tr>\n",
       "    <tr>\n",
       "      <th>PM2.5</th>\n",
       "      <td>-0.117001</td>\n",
       "      <td>0.387693</td>\n",
       "      <td>0.694217</td>\n",
       "      <td>-0.096615</td>\n",
       "      <td>-0.016527</td>\n",
       "      <td>0.279657</td>\n",
       "      <td>-0.278670</td>\n",
       "      <td>0.025361</td>\n",
       "      <td>0.043594</td>\n",
       "      <td>-0.254055</td>\n",
       "      <td>0.376633</td>\n",
       "      <td>0.089053</td>\n",
       "      <td>0.254192</td>\n",
       "      <td>0.197437</td>\n",
       "      <td>0.028919</td>\n",
       "      <td>-0.076599</td>\n",
       "      <td>1.000000</td>\n",
       "    </tr>\n",
       "  </tbody>\n",
       "</table>\n",
       "</div>"
      ],
      "text/plain": [
       "             PH_RAIN        CO      PM10        NO  RAIN_COND       NO2  \\\n",
       "PH_RAIN     1.000000 -0.042135 -0.135692  0.045226   0.273316  0.055999   \n",
       "CO         -0.042135  1.000000  0.255145  0.399028  -0.022108  0.798970   \n",
       "PM10       -0.135692  0.255145  1.000000  0.024184  -0.006339  0.214265   \n",
       "NO          0.045226  0.399028  0.024184  1.000000  -0.008346  0.391307   \n",
       "RAIN_COND   0.273316 -0.022108 -0.006339 -0.008346   1.000000 -0.017785   \n",
       "NO2         0.055999  0.798970  0.214265  0.391307  -0.017785  1.000000   \n",
       "RH          0.333036 -0.118078 -0.377530 -0.208761   0.067298 -0.059287   \n",
       "WD_HR       0.037688 -0.126034 -0.097221 -0.275049   0.021278 -0.058266   \n",
       "WS_HR      -0.069249 -0.092150  0.173624  0.103350   0.083433 -0.210261   \n",
       "AMB_TEMP   -0.022882 -0.216774 -0.018219  0.292727   0.001025 -0.098878   \n",
       "O3         -0.071950  0.245317  0.271322 -0.240725  -0.010941  0.024707   \n",
       "WIND_SPEED -0.042609 -0.011801  0.241299  0.099102   0.036625 -0.175576   \n",
       "SO2        -0.053129  0.279279  0.243439  0.155515  -0.024562  0.218944   \n",
       "NOx         0.061328  0.789160  0.184134  0.651789  -0.017404  0.951786   \n",
       "WIND_DIREC  0.033734 -0.124853 -0.097937 -0.296260  -0.007793 -0.054946   \n",
       "RAINFALL    0.523279 -0.058018 -0.083898  0.008334   0.066045 -0.008224   \n",
       "PM2.5      -0.117001  0.387693  0.694217 -0.096615  -0.016527  0.279657   \n",
       "\n",
       "                  RH     WD_HR     WS_HR  AMB_TEMP        O3  WIND_SPEED  \\\n",
       "PH_RAIN     0.333036  0.037688 -0.069249 -0.022882 -0.071950   -0.042609   \n",
       "CO         -0.118078 -0.126034 -0.092150 -0.216774  0.245317   -0.011801   \n",
       "PM10       -0.377530 -0.097221  0.173624 -0.018219  0.271322    0.241299   \n",
       "NO         -0.208761 -0.275049  0.103350  0.292727 -0.240725    0.099102   \n",
       "RAIN_COND   0.067298  0.021278  0.083433  0.001025 -0.010941    0.036625   \n",
       "NO2        -0.059287 -0.058266 -0.210261 -0.098878  0.024707   -0.175576   \n",
       "RH          1.000000  0.286957 -0.331417 -0.144073 -0.324560   -0.400335   \n",
       "WD_HR       0.286957  1.000000 -0.273042 -0.380335 -0.330594   -0.408732   \n",
       "WS_HR      -0.331417 -0.273042  1.000000  0.146847  0.208060    0.754290   \n",
       "AMB_TEMP   -0.144073 -0.380335  0.146847  1.000000 -0.297005    0.016945   \n",
       "O3         -0.324560 -0.330594  0.208060 -0.297005  1.000000    0.416559   \n",
       "WIND_SPEED -0.400335 -0.408732  0.754290  0.016945  0.416559    1.000000   \n",
       "SO2        -0.239348 -0.148383  0.079964 -0.004275  0.182743    0.117092   \n",
       "NOx        -0.117143 -0.139066 -0.139493  0.015054 -0.059179   -0.112114   \n",
       "WIND_DIREC  0.303602  0.829801 -0.281664 -0.378088 -0.309352   -0.419511   \n",
       "RAINFALL    0.209090  0.006320 -0.062019 -0.011573 -0.030936   -0.046259   \n",
       "PM2.5      -0.278670  0.025361  0.043594 -0.254055  0.376633    0.089053   \n",
       "\n",
       "                 SO2       NOx  WIND_DIREC  RAINFALL     PM2.5  \n",
       "PH_RAIN    -0.053129  0.061328    0.033734  0.523279 -0.117001  \n",
       "CO          0.279279  0.789160   -0.124853 -0.058018  0.387693  \n",
       "PM10        0.243439  0.184134   -0.097937 -0.083898  0.694217  \n",
       "NO          0.155515  0.651789   -0.296260  0.008334 -0.096615  \n",
       "RAIN_COND  -0.024562 -0.017404   -0.007793  0.066045 -0.016527  \n",
       "NO2         0.218944  0.951786   -0.054946 -0.008224  0.279657  \n",
       "RH         -0.239348 -0.117143    0.303602  0.209090 -0.278670  \n",
       "WD_HR      -0.148383 -0.139066    0.829801  0.006320  0.025361  \n",
       "WS_HR       0.079964 -0.139493   -0.281664 -0.062019  0.043594  \n",
       "AMB_TEMP   -0.004275  0.015054   -0.378088 -0.011573 -0.254055  \n",
       "O3          0.182743 -0.059179   -0.309352 -0.030936  0.376633  \n",
       "WIND_SPEED  0.117092 -0.112114   -0.419511 -0.046259  0.089053  \n",
       "SO2         1.000000  0.231366   -0.161802 -0.036137  0.254192  \n",
       "NOx         0.231366  1.000000   -0.143214 -0.004196  0.197437  \n",
       "WIND_DIREC -0.161802 -0.143214    1.000000  0.007954  0.028919  \n",
       "RAINFALL   -0.036137 -0.004196    0.007954  1.000000 -0.076599  \n",
       "PM2.5       0.254192  0.197437    0.028919 -0.076599  1.000000  "
      ]
     },
     "execution_count": 13,
     "metadata": {},
     "output_type": "execute_result"
    }
   ],
   "source": [
    "td.iloc[:,2:].corr()"
   ]
  },
  {
   "cell_type": "markdown",
   "metadata": {},
   "source": [
    "也可以計算不同測站品項之間的相關性："
   ]
  },
  {
   "cell_type": "code",
   "execution_count": 14,
   "metadata": {},
   "outputs": [
    {
     "data": {
      "text/html": [
       "<div>\n",
       "<style scoped>\n",
       "    .dataframe tbody tr th:only-of-type {\n",
       "        vertical-align: middle;\n",
       "    }\n",
       "\n",
       "    .dataframe tbody tr th {\n",
       "        vertical-align: top;\n",
       "    }\n",
       "\n",
       "    .dataframe thead th {\n",
       "        text-align: right;\n",
       "    }\n",
       "</style>\n",
       "<table border=\"1\" class=\"dataframe\">\n",
       "  <thead>\n",
       "    <tr style=\"text-align: right;\">\n",
       "      <th></th>\n",
       "      <th>hualian</th>\n",
       "      <th>taidong</th>\n",
       "      <th>guanshan</th>\n",
       "    </tr>\n",
       "  </thead>\n",
       "  <tbody>\n",
       "    <tr>\n",
       "      <th>hualian</th>\n",
       "      <td>1.000000</td>\n",
       "      <td>0.612239</td>\n",
       "      <td>0.586037</td>\n",
       "    </tr>\n",
       "    <tr>\n",
       "      <th>taidong</th>\n",
       "      <td>0.612239</td>\n",
       "      <td>1.000000</td>\n",
       "      <td>0.805572</td>\n",
       "    </tr>\n",
       "    <tr>\n",
       "      <th>guanshan</th>\n",
       "      <td>0.586037</td>\n",
       "      <td>0.805572</td>\n",
       "      <td>1.000000</td>\n",
       "    </tr>\n",
       "  </tbody>\n",
       "</table>\n",
       "</div>"
      ],
      "text/plain": [
       "           hualian   taidong  guanshan\n",
       "hualian   1.000000  0.612239  0.586037\n",
       "taidong   0.612239  1.000000  0.805572\n",
       "guanshan  0.586037  0.805572  1.000000"
      ]
     },
     "execution_count": 14,
     "metadata": {},
     "output_type": "execute_result"
    }
   ],
   "source": [
    "pm25 = pd.DataFrame({'hualian':hl['PM2.5'], 'taidong':td['PM2.5'], 'guanshan':gs['PM2.5']})\n",
    "pm25.corr()"
   ]
  },
  {
   "cell_type": "markdown",
   "metadata": {},
   "source": [
    "把單一測項轉換成時間序列之後，也可以利用 `pandas.DataFrame.interpolate()` 做內插來取代遺失值。"
   ]
  },
  {
   "cell_type": "code",
   "execution_count": 15,
   "metadata": {},
   "outputs": [
    {
     "data": {
      "text/plain": [
       "count    8615.000000\n",
       "mean        7.484066\n",
       "std         3.728248\n",
       "min         0.900000\n",
       "25%         4.700000\n",
       "50%         7.100000\n",
       "75%         9.500000\n",
       "max        34.000000\n",
       "Name: NOx, dtype: float64"
      ]
     },
     "execution_count": 15,
     "metadata": {},
     "output_type": "execute_result"
    }
   ],
   "source": [
    "td['NOx'].describe()"
   ]
  },
  {
   "cell_type": "code",
   "execution_count": 16,
   "metadata": {},
   "outputs": [
    {
     "data": {
      "text/plain": [
       "count    8760.000000\n",
       "mean        7.504090\n",
       "std         3.719959\n",
       "min         0.900000\n",
       "25%         4.700000\n",
       "50%         7.200000\n",
       "75%         9.500000\n",
       "max        34.000000\n",
       "Name: NOx, dtype: float64"
      ]
     },
     "execution_count": 16,
     "metadata": {},
     "output_type": "execute_result"
    }
   ],
   "source": [
    "tdo3_int = td['NOx'].interpolate()\n",
    "tdo3_int.describe()"
   ]
  },
  {
   "cell_type": "markdown",
   "metadata": {},
   "source": [
    "在新的資料格式裡，我們也可以用 pandas.pivot_table() 來看測項之間的關係"
   ]
  },
  {
   "cell_type": "code",
   "execution_count": 17,
   "metadata": {},
   "outputs": [
    {
     "data": {
      "text/html": [
       "<div>\n",
       "<style scoped>\n",
       "    .dataframe tbody tr th:only-of-type {\n",
       "        vertical-align: middle;\n",
       "    }\n",
       "\n",
       "    .dataframe tbody tr th {\n",
       "        vertical-align: top;\n",
       "    }\n",
       "\n",
       "    .dataframe thead th {\n",
       "        text-align: right;\n",
       "    }\n",
       "</style>\n",
       "<table border=\"1\" class=\"dataframe\">\n",
       "  <thead>\n",
       "    <tr style=\"text-align: right;\">\n",
       "      <th>RH</th>\n",
       "      <th>&lt;50</th>\n",
       "      <th>&lt;75</th>\n",
       "      <th>&lt;100</th>\n",
       "    </tr>\n",
       "  </thead>\n",
       "  <tbody>\n",
       "    <tr>\n",
       "      <th>PM2.5</th>\n",
       "      <td>12.427273</td>\n",
       "      <td>10.672629</td>\n",
       "      <td>7.333839</td>\n",
       "    </tr>\n",
       "  </tbody>\n",
